0  0  2  0  0  0  0  0  0  2  2  0  0  0  0  0  0  0  0  3
0  0  2  0  0  3  1  1  1  9  2  0  0  0  0  0  3  1  1  6
1  1  8  1  1  6  0  0  0  2  2  0  0  3  1  1  6  0  0  0
0  0  2  0  0  0  0  0  0  2  11 1  1  6  0  0  0  0  0  0
0  0  2  0  0  0  0  0  0  2  2  0  0  0  0  0  0  0  0  0
1  1  10 1  1  1  1  1  1  7  7  1  1  1  1  1  1  1  1  1
1  1  1  1  1  1  1  1  1  7  7  1  1  1  1  1  1  1  12 1
0  0  0  0  0  0  0  0  0  2  2  0  0  0  0  0  0  0  2  0
1  4  0  0  0  0  0  0  0  2  2  0  0  0  0  0  0  0  2  0
0  5  1  1  4  0  0  0  0  2  11 1  1  1  4  0  0  0  5  4
0  0  0  0  5  1  1  1  1  9  2  0  0  0  5  1  1  4  0  2
0  0  0  0  0  0  0  0  0  2  2  0  0  0  0  0  0  5  1  8 